  -10.0000000000000
  -9.92871485943775
  -9.85742971887550
  -9.78614457831325
  -9.71485943775100
  -9.64357429718875
  -9.57228915662651
  -9.50100401606426
  -9.42971887550201
  -9.35843373493976
  -9.28714859437751
  -9.21586345381526
  -9.14457831325301
  -9.07329317269076
  -9.00200803212851
  -8.93072289156627
  -8.85943775100402
  -8.78815261044177
  -8.71686746987952
  -8.64558232931727
  -8.57429718875502
  -8.50301204819277
  -8.43172690763052
  -8.36044176706827
  -8.28915662650602
  -8.21787148594377
  -8.14658634538153
  -8.07530120481928
  -8.00401606425703
  -7.93273092369478
  -7.86144578313253
  -7.79016064257028
  -7.71887550200803
  -7.64759036144578
  -7.57630522088353
  -7.50502008032129
  -7.43373493975904
  -7.36244979919679
  -7.29116465863454
  -7.21987951807229
  -7.14859437751004
  -7.07730923694779
  -7.00602409638554
  -6.93473895582329
  -6.86345381526104
  -6.79216867469879
  -6.72088353413655
  -6.64959839357430
  -6.57831325301205
  -6.50702811244980
  -6.43574297188755
  -6.36445783132530
  -6.29317269076305
  -6.22188755020080
  -6.15060240963855
  -6.07931726907631
  -6.00803212851406
  -5.93674698795181
  -5.86546184738956
  -5.79417670682731
  -5.72289156626506
  -5.65160642570281
  -5.58032128514056
  -5.50903614457831
  -5.43775100401606
  -5.36646586345381
  -5.29518072289157
  -5.22389558232932
  -5.15261044176707
  -5.08132530120482
  -5.01004016064257
  -4.93875502008032
  -4.86746987951807
  -4.79618473895582
  -4.72489959839357
  -4.65361445783133
  -4.58232931726908
  -4.51104417670683
  -4.43975903614458
  -4.36847389558233
  -4.29718875502008
  -4.22590361445783
  -4.15461847389558
  -4.08333333333333
  -4.01204819277108
  -3.94076305220884
  -3.86947791164659
  -3.79819277108434
  -3.72690763052209
  -3.65562248995984
  -3.58433734939759
  -3.51305220883534
  -3.44176706827309
  -3.37048192771084
  -3.29919678714859
  -3.22791164658635
  -3.15662650602410
  -3.08534136546185
  -3.01405622489960
  -2.94277108433735
  -2.87148594377510
  -2.80020080321285
  -2.72891566265060
  -2.65763052208835
  -2.58634538152610
  -2.51506024096386
  -2.44377510040161
  -2.37248995983936
  -2.30120481927711
  -2.22991967871486
  -2.15863453815261
  -2.08734939759036
  -2.01606425702811
  -1.94477911646586
  -1.87349397590361
  -1.80220883534137
  -1.73092369477912
  -1.65963855421687
  -1.58835341365462
  -1.51706827309237
  -1.44578313253012
  -1.37449799196787
  -1.30321285140562
  -1.23192771084337
  -1.16064257028112
  -1.08935742971888
  -1.01807228915663
  -0.946787148594378
  -0.875502008032129
  -0.804216867469880
  -0.732931726907631
  -0.661646586345382
  -0.590361445783133
  -0.519076305220884
  -0.447791164658635
  -0.376506024096386
  -0.305220883534137
  -0.233935742971888
  -0.162650602409639
  -9.136546184738981E-002
  -2.008032128514081E-002
   5.120481927710818E-002
   0.122489959839357
   0.193775100401606
   0.265060240963855
   0.336345381526104
   0.407630522088353
   0.478915662650602
   0.550200803212851
   0.621485943775100
   0.692771084337349
   0.764056224899598
   0.835341365461847
   0.906626506024096
   0.977911646586345
   1.04919678714859
   1.12048192771084
   1.19176706827309
   1.26305220883534
   1.33433734939759
   1.40562248995984
   1.47690763052209
   1.54819277108434
   1.61947791164659
   1.69076305220884
   1.76204819277108
   1.83333333333333
   1.90461847389558
   1.97590361445783
   2.04718875502008
   2.11847389558233
   2.18975903614458
   2.26104417670683
   2.33232931726908
   2.40361445783132
   2.47489959839357
   2.54618473895582
   2.61746987951807
   2.68875502008032
   2.76004016064257
   2.83132530120482
   2.90261044176707
   2.97389558232932
   3.04518072289157
   3.11646586345381
   3.18775100401606
   3.25903614457831
   3.33032128514056
   3.40160642570281
   3.47289156626506
   3.54417670682731
   3.61546184738956
   3.68674698795181
   3.75803212851406
   3.82931726907630
   3.90060240963855
   3.97188755020080
   4.04317269076305
   4.11445783132530
   4.18574297188755
   4.25702811244980
   4.32831325301205
   4.39959839357430
   4.47088353413655
   4.54216867469879
   4.61345381526104
   4.68473895582329
   4.75602409638554
   4.82730923694779
   4.89859437751004
   4.96987951807229
   5.04116465863454
   5.11244979919679
   5.18373493975904
   5.25502008032128
   5.32630522088353
   5.39759036144578
   5.46887550200803
   5.54016064257028
   5.61144578313253
   5.68273092369478
   5.75401606425703
   5.82530120481928
   5.89658634538153
   5.96787148594377
   6.03915662650602
   6.11044176706827
   6.18172690763052
   6.25301204819277
   6.32429718875502
   6.39558232931727
   6.46686746987952
   6.53815261044177
   6.60943775100402
   6.68072289156626
   6.75200803212851
   6.82329317269076
   6.89457831325301
   6.96586345381526
   7.03714859437751
   7.10843373493976
   7.17971887550201
   7.25100401606426
   7.32228915662651
   7.39357429718875
   7.46485943775100
   7.53614457831325
   7.60742971887550
   7.67871485943775
   7.75000000000000
