   9.00000000000000
   8.97710843373494
   8.95421686746988
   8.93132530120482
   8.90843373493976
   8.88554216867470
   8.86265060240964
   8.83975903614458
   8.81686746987952
   8.79397590361446
   8.77108433734940
   8.74819277108434
   8.72530120481928
   8.70240963855422
   8.67951807228916
   8.65662650602410
   8.63373493975904
   8.61084337349398
   8.58795180722892
   8.56506024096386
   8.54216867469879
   8.51927710843374
   8.49638554216867
   8.47349397590362
   8.45060240963855
   8.42771084337349
   8.40481927710843
   8.38192771084337
   8.35903614457831
   8.33614457831325
   8.31325301204819
   8.29036144578313
   8.26746987951807
   8.24457831325301
   8.22168674698795
   8.19879518072289
   8.17590361445783
   8.15301204819277
   8.13012048192771
   8.10722891566265
   8.08433734939759
   8.06144578313253
   8.03855421686747
   8.01566265060241
   7.99277108433735
   7.96987951807229
   7.94698795180723
   7.92409638554217
   7.90120481927711
   7.87831325301205
   7.85542168674699
   7.83253012048193
   7.80963855421687
   7.78674698795181
   7.76385542168675
   7.74096385542169
   7.71807228915663
   7.69518072289157
   7.67228915662651
   7.64939759036145
   7.62650602409639
   7.60361445783133
   7.58072289156626
   7.55783132530120
   7.53493975903614
   7.51204819277108
   7.48915662650602
   7.46626506024096
   7.44337349397590
   7.42048192771084
   7.39759036144578
   7.37469879518072
   7.35180722891566
   7.32891566265060
   7.30602409638554
   7.28313253012048
   7.26024096385542
   7.23734939759036
   7.21445783132530
   7.19156626506024
   7.16867469879518
   7.14578313253012
   7.12289156626506
   7.10000000000000
   7.07710843373494
   7.05421686746988
   7.03132530120482
   7.00843373493976
   6.98554216867470
   6.96265060240964
   6.93975903614458
   6.91686746987952
   6.89397590361446
   6.87108433734940
   6.84819277108434
   6.82530120481928
   6.80240963855422
   6.77951807228916
   6.75662650602410
   6.73373493975904
   6.71084337349398
   6.68795180722892
   6.66506024096386
   6.64216867469880
   6.61927710843373
   6.59638554216867
   6.57349397590361
   6.55060240963855
   6.52771084337349
   6.50481927710843
   6.48192771084337
   6.45903614457831
   6.43614457831325
   6.41325301204819
   6.39036144578313
   6.36746987951807
   6.34457831325301
   6.32168674698795
   6.29879518072289
   6.27590361445783
   6.25301204819277
   6.23012048192771
   6.20722891566265
   6.18433734939759
   6.16144578313253
   6.13855421686747
   6.11566265060241
   6.09277108433735
   6.06987951807229
   6.04698795180723
   6.02409638554217
   6.00120481927711
   5.97831325301205
   5.95542168674699
   5.93253012048193
   5.90963855421687
   5.88674698795181
   5.86385542168675
   5.84096385542169
   5.81807228915663
   5.79518072289157
   5.77228915662651
   5.74939759036145
   5.72650602409638
   5.70361445783132
   5.68072289156626
   5.65783132530120
   5.63493975903614
   5.61204819277108
   5.58915662650602
   5.56626506024096
   5.54337349397590
   5.52048192771084
   5.49759036144578
   5.47469879518072
   5.45180722891566
   5.42891566265060
   5.40602409638554
   5.38313253012048
   5.36024096385542
   5.33734939759036
   5.31445783132530
   5.29156626506024
   5.26867469879518
   5.24578313253012
   5.22289156626506
   5.20000000000000
   5.17710843373494
   5.15421686746988
   5.13132530120482
   5.10843373493976
   5.08554216867470
   5.06265060240964
   5.03975903614458
   5.01686746987952
   4.99397590361446
   4.97108433734940
   4.94819277108434
   4.92530120481928
   4.90240963855422
   4.87951807228916
   4.85662650602410
   4.83373493975904
   4.81084337349398
   4.78795180722892
   4.76506024096386
   4.74216867469879
   4.71927710843373
   4.69638554216867
   4.67349397590361
   4.65060240963855
   4.62771084337349
   4.60481927710843
   4.58192771084337
   4.55903614457831
   4.53614457831325
   4.51325301204819
   4.49036144578313
   4.46746987951807
   4.44457831325301
   4.42168674698795
   4.39879518072289
   4.37590361445783
   4.35301204819277
   4.33012048192771
   4.30722891566265
   4.28433734939759
   4.26144578313253
   4.23855421686747
   4.21566265060241
   4.19277108433735
   4.16987951807229
   4.14698795180723
   4.12409638554217
   4.10120481927711
   4.07831325301205
   4.05542168674699
   4.03253012048193
   4.00963855421687
   3.98674698795181
   3.96385542168675
   3.94096385542169
   3.91807228915663
   3.89518072289157
   3.87228915662651
   3.84939759036145
   3.82650602409639
   3.80361445783132
   3.78072289156626
   3.75783132530120
   3.73493975903614
   3.71204819277108
   3.68915662650602
   3.66626506024096
   3.64337349397590
   3.62048192771084
   3.59759036144578
   3.57469879518072
   3.55180722891566
   3.52891566265060
   3.50602409638554
   3.48313253012048
   3.46024096385542
   3.43734939759036
   3.41445783132530
   3.39156626506024
   3.36867469879518
   3.34578313253012
   3.32289156626506
   3.30000000000000
